1111111111111111111111111111111111111111
1111111111111111111111111111111111111111
1111111111111111111111111111111111111111
1111111111111111111111111111111111111111
1111111111111111000011111111111111111111
1111111111111100000000100000011111111111
1111111111111000000000000000001111111111
1111111111110000000000000000000111111111
1111111111100000000000000000000111111111
1111111111100000000000000000000001111111
1111111111000000000011100000000000111111
1111111110000000001100111001110111111111
1111111100000000111001011111001011111111
1111111000000000111000111111000011111111
1111111000000000011101111111111111111111
1111110000000000001111111011111100111111
1111110000000000000000000000000001111111
1111100000000000000000000000000011111111
1111100000000000000000000000000001111111
1111100000000000000000000000000001111111
1111100000000000000000000000000000111111
1111100000000000000000000000000000111111
1111110000000000000000000000000001111111
1111110000000000000000000000000001111111
1111111000000000000000000000000011111111
1111110000000000000000000000001111111111
1111100000000000000000000000011111111111
1111100000000000000000000001111111111111
1111100000000000000000000001111111111111
1111100000000000000000000000111111111111
1111100000000000000000000000011111111111
1111111111111111111111111111111111111111
1111111111111111111111111111111111111111
1111111111111111111111111111111111111111
1111111111111111111111111111111111111111
1111111111111111111111111111111111111111
