11111111111111111111111111111111111111111111111111111111111111111111111111111111
11111111111111111111111111111111111111111111111111111111111111111111111111111111
11111111111111111111111111111111111111111111111111111111111111111111111111111111
11111111111111111111111111111111111111111111111111111111111111111111111111111111
11111111111111111111111111111111111111111111111111111111111111111111111111111111
11111111111111111111111111111111111111111111111111111111111111111111111111111111
11111111111111111111111111111111111111111111111111111111111111111111111111111111
11111111111111111111111111111111000000011111111111111111111111111111111111111111
11111111111111111111111111111110000000001111111111111111111111111111111111111111
11111111111111111111111111110000000000000001110000000000011111111111111111111111
11111111111111111111111111100000000000000000100000000000001111111111111111111111
11111111111111111111111111000000000000000000000000000000000111111111111111111111
11111111111111111111111110000000000000000000000000000000000011111111111111111111
11111111111111111111111100000000000000000000000000000000000001111111111111111111
11111111111111111111111000000000000000000000000000000000000000111111111111111111
11111111111111111111110000000000000000000000000000000000000000111111111111111111
11111111111111111111100000000000000000000000000000000000000000111111111111111111
11111111111111111111100000000000000000000000000000000000000000000111111111111111
11111111111111111111100000000000000000000000000000000000000000000011111111111111
11111111111111111111000000000000000000000000000000000000000000000001111111111111
11111111111111111110000000000000000000001111100000000000000000000000111111111111
11111111111111111100000000000000000000000001110000000000000000000001111111111111
11111111111111111000000000000000000011100000111110000011111000111111111111111111
11111111111111110000000000000000000111000000011111000111000000011111111111111111
11111111111111100000000000000000111110000010001111111110000010001111111111111111
11111111111111000000000000000000111110000000011111111110000000001111111111111111
11111111111110000000000000000000111110000000111111111110000000001111111111111111
11111111111110000000000000000000011111000001111111111111000000011111111111111111
11111111111110000000000000000000001111100011111111111111111111111111111111111111
11111111111100000000000000000000000111110111111111011111111111110001111111111111
11111111111000000000000000000000000011111111111110001111111111100000111111111111
11111111111000000000000000000000000000000000000000000000000000000001111111111111
11111111111000000000000000000000000000000000000000000000000000000011111111111111
11111111110000000000000000000000000000000000000000000000000000000111111111111111
11111111100000000000000000000000000000000000000000000000000000001111111111111111
11111111100000000000000000000000000000000000000000000000000000000111111111111111
11111111100000000000000000000000000000000000000000000000000000000011111111111111
11111111100000000000000000000000000000000000000000000000000000000011111111111111
11111111100000000000000000000000000000000000000000000000000000000011111111111111
11111111100000000000000000000000000000000000000000000000000000000001111111111111
11111111100000000000000000000000000000000000000000000000000000000000111111111111
11111111100000000000000000000000000000000000000000000000000000000000111111111111
11111111100000000000000000000000000000000000000000000000000000000000111111111111
11111111110000000000000000000000000000000000000000000000000000000001111111111111
11111111111000000000000000000000000000000000000000000000000000000011111111111111
11111111111000000000000000000000000000000000000000000000000000000011111111111111
11111111111000000000000000000000000000000000000000000000000000000011111111111111
11111111111100000000000000000000000000000000000000000000000000000111111111111111
11111111111110000000000000000000000000000000000000000000000000001111111111111111
11111111111100000000000000000000000000000000000000000000000000011111111111111111
11111111111000000000000000000000000000000000000000000000000011111111111111111111
11111111110000000000000000000000000000000000000000000000000111111111111111111111
11111111100000000000000000000000000000000000000000000000001111111111111111111111
11111111100000000000000000000000000000000000000000000000011111111111111111111111
11111111100000000000000000000000000000000000000000000011111111111111111111111111
11111111100000000000000000000000000000000000000000000011111111111111111111111111
11111111100000000000000000000000000000000000000000000011111111111111111111111111
11111111100000000000000000000000000000000000000000000001111111111111111111111111
11111111100000000000000000000000000000000000000000000000111111111111111111111111
11111111100000000000000000000000000000000000000000000000011111111111111111111111
11111111100000000000000000000000000000000000000000000000001111111111111111111111
11111111110000000000000000000000000000000000000000000000011111111111111111111111
11111111111111111111111111111111111111111111111111111111111111111111111111111111
11111111111111111111111111111111111111111111111111111111111111111111111111111111
11111111111111111111111111111111111111111111111111111111111111111111111111111111
11111111111111111111111111111111111111111111111111111111111111111111111111111111
11111111111111111111111111111111111111111111111111111111111111111111111111111111
11111111111111111111111111111111111111111111111111111111111111111111111111111111
11111111111111111111111111111111111111111111111111111111111111111111111111111111
11111111111111111111111111111111111111111111111111111111111111111111111111111111
11111111111111111111111111111111111111111111111111111111111111111111111111111111
11111111111111111111111111111111111111111111111111111111111111111111111111111111
